7450864096863538450
7540117521551068423
7503590974518562055
7550551216367897863
7564357649354050837
7551295195191446801
7551057864660372756
7552126484576488722
7563615273245232405
7538445337220959496
7474207455212309768
7544704606169877778
7541271347989712149
7517886904478502162
7534705441583025426
7457888654711688466
7560135220918324498
7555370581227556104
7548061587089657106
7532098696599719176
7331360082644503841
7558060291926379794
7538751791744290056
7514675887766375688
7564640484895821077
7564599798968454421
7564450846839229716
7564310560750193941
7564260806364384532
7563960253218442517
7563901010184375572
7563537826801929492
7563507546460409109
7563334353393061141
7549862554303040788
7499245402881805575
7562397983271095570
7551358551822847239
7524933372544601351
7564349385669086485
7271978389601324293
7545905243947650322
7560260895801134344
7550529781276740882
7548602447476935954
7460114735107755271
7520179020638489874
7559206140412742934
7442294495867079952
7441591259187236104
7524327686945262866
7553953532362247444
7292713591424257313
7550252427946069264
7536539397735402772
7472569479407471879
7270385183482727685
7293516650882665729
7538681293203049748
7427109404979367175
7431188219212877072
7326709132352900354
7283900018824613122
7499812135707446546
7463080060254260496
7277419359381884161
7498235522108673298
7544080004905258262
7546094058964323591
7489689214158769413
7507582641361767681
7532861964490427655
7526867966223240456
7545271133952593159
7537879096085220616
7554241314162887944
7555460150874737928
7041523740936572162
7553818099070405896
7275756556363287816
7563945659410205953
7534219975423184136
7559901819913112840
7558051212503928082
7551302989516934421
7525505670473452801
7531764156484078856
7438101539203435784
7556251996907425025
7493059180132060424
7540140934764449042
7558823058283384084
7552925111502818578
7560512565403487506
7500226772315786503
7502305486801308935
7243010977145376005
7553123250293771527
7541285239449062674
7275242958876724488
7284184546235403552
7528385238075018504
7559192456433110290
7442630178888502546
7529177322889530631
7558068975863680274
7522624059318865170
7291605203978112258
7409530902209989896
7281123836718828833
7561238537828388103
7243004421699931398
7561597527015886088
7530239232711855367
7186146452840680746
7522836498111024391
7564407456126881045
7556115402732899592
7249384346656853274
7564265471021763861
7538445337220959496
7564357649354050837
7508356930302184711
7517886904478502162
7561257248278842640
7474207455212309768
7490407997118614839
7552690395663109394
7563615273245232405
7499812135707446546
7503590974518562055
7497963746413923604
7550551216367897863
7482769267323047186
7510874250400550152
7541271347989712149
7544704606169877778
7540117521551068423
7526867966223240456
7532098696599719176
7498953332963167495
7331360082644503841
7544080004905258262
7491144448638749960
7559901819913112840
7283900018824613122
7501172503562177810
7478268668212694280
7557688760096345352
7430086411149233426
7555460150874737928
7562354206917577992
7562397983271095570
7545905243947650322
7561299600808758535
7520179020638489874
7514675887766375688
7460114735107755271
7538488835701804306
7559206140412742934
7493812289972358422
7527141982913826055
7538751791744290056
7442294495867079952
7522461884986051858
7546757782062615829
7270385183482727685
7556920343726771463
7558456259926887698
7558823850092350728
7079327904911412507
7427109404979367175
7431188219212877072
7524327686945262866
7537934675285789970
7554763984021523719
7551358551822847239
7558800028240841992
7560512565403487506
7553123250293771527
7557590833223027988
7490060494074645815
7541285239449062674
7541308123328351495
7560135220918324498
7474766458942147848
7530132371836783890
7544245247753161991
7271978389601324293
7550532323440184592
7529177322889530631
7548710215508626695
7552925111502818578
7538433539579170056
7292713591424257313
7438101539203435784
7553451627491937543
7279421093809638658
7526729528954162433
7549491182829571335
7532861964490427655
7556115402732899592
7561081045127417095
7553245067385883912
7225225944699604230
7531247422782197010
7229906581297564933
7516778134566472968
7248434734131383558
7492577739434626324
7528385238075018504
7549084535485369607
7475507947389373738
7526383292002749714
7510606012999634183
7212971585190333723
7534705441583025426
7558060291926379794
7331571593426046241
7461442287948762375
7281123836718828833
7502076116123929863
7560897415943818504
7517267484383235335
7552817750020820232
7538681293203049748
7534578383565507847
7244457891011333381
7562685280600231176
7532779268049325320
7522321959481363719
7234481706240101658
7549737196274634004
7263711540572917025
7528038966960950535
7526420870068210952
7364371217572285714
7506012606214229256
7550931442121903361
7516174953117404434
7552690395663109394
7544743013927505170
7543254733276892423
7538445337220959496
7518339224425205000
7556116621778111765
7513599459557723399
7553451627491937543
7553241504634998034
7561238537828388103
7558086484440386823
7554770201380736274
7522806155970645256
7487240549599087878
7543872829704408327
7503590974518562055
7448181231797177632
7510874250400550152
7377009152213765384
7483061002871819538
7541543634882055442
7537935388313259272
7272224684429561130
7556080094498802951
7502775535265713416
7307003658741353761
7563634007833939207
7525505670473452801
7525737849669438738
7547593656706813239
7538359894970305810
7546377111527836941
7331360082644503841
7562739168212700434
7533184489665645831
7541236025251712264
7386927164580433160
7466391116909169938
7461935390715383047
7275854462730685739
7264586731633020193
7271978389601324293
7564231811555937553
7564075885238832392
7558456259926887698
7013362152782171419
7079327904911412507
7558823850092350728
7427109404979367175
7295607123478793474
7373280281756781857
7219723328599100714
7474204576472665351
7292713591424257313
7534207262378839303
7281123836718828833
7405474330445991186
7455865317428841735
7559529100314938641
7416578567812713735
7293064009295695136
7550655565198937350
7524245480885275922
7435485224685030664
7225835952240119086
7520977078099938567
7495774298494209287
7553087734043168007
7533930326012251400
7241051633092791578
7521262305586253078
7548829129030798600
7545035694314360072
7512473935640939783
7242809059295055110
7549730394254396680
7492966226126294280
7501135464687045896
7416190686954867976
7498219361430244616
7278156131120270635
7304823138171292974
7498288274008575250
7556423229074574610
7449357377033276680
7564379466726771976
7444537423440219400
7526136692416204050
7555000179787664660
7557193532256029960
7240264530637376795
7493850677941243143
7364959751005900033
7563272470807973141
7340610427199458581
7242132747718839578
7542769131276324114
7549193432313449750
7264926090722839809
7559790535179881736
7442967763397774600
7553241141844495634
7280450761706933550
7513818253014207749
7557121494623587592
7540707049953332488
7491606766451445000
7523998029477711122
7559176561602153735
7380942564452617490
7543991222847737108
7543603952563211527
7549737196274634004
7563924358498962708
7381011609973542152
7555859174526029077
7388735277461671169
7505361797495508231
7522461884986051858
7424015670716665106
7518011686918294801
7531471797477330194
7540117521551068423
7539963401196408082
7543076126067887367
7554425776771271954
7534705441583025426
7533009190864964872
7549485148723580176
7534578383565507847
7470097223569722631
7482716285403548935
7550551216367897863
7522375929759583496
7531764156484078856
7503590974518562055
7533214783605116167
7544704606169877778
7499812135707446546
7540512903863094536
7556138648425483528
7558695976010042642
7512333804929961224
7513949180415528200
7550484737681313045
7534586261672152338
7539519318451588360
7560317399015247125
7348395325863890184
7514675887766375688
7522624059318865170
7538751791744290056
7520608518034984199
7500209809967402247
7489383944849345797
7563529001323515144
7562756610586660116
7559901819913112840
7551405933868436754
7556194812328824082
7283900018824613122
7535683140413607176
7530934383830928647
7545510884672572690
7523928843191635207
7467370776786652424
7229556830987488518
7292713591424257313
7266094413074402562
7335280452812475650
7502329835310632210
7273867547613629698
7530593494058994962
7427109404979367175
7555460150874737928
7497762610843061534
7510874250400550152
7546757782062615829
7471619157163789586
7558774740257721608
7525505670473452801
7554405286115544328
7553123250293771527
7559206140412742934
7463080060254260496
7464304798641229064
7528606214796692744
7538445337220959496
7529177322889530631
6989137370817842459
7528734750173941000
7474766458942147848
7563615273245232405
7487738106527927594
7546094058964323591
7526867966223240456
7532779268049325320
7284184546235403552
7340610427199458581
7561030839622978824
7525435326093888786
7366999063247473953
7477951486501129473
7521599990926576914
7335761712571895072
7271978389601324293
7449357377033276680
7517886904478502162
7545370677302283528
7553241141844495634
7475986971048004871
7346247370344041749
7532098696599719176
7492577739434626324
7447506148351118599
7557688760096345352
7354370735457963295
7234481706240101658
7553245067385883912
7560703903130651922
7521712740449209608
7541271347989712149
7186146452840680746
7474995411145624840
7527961671642516754
7559519980480482567
7540641779255659794
7426098761757232402
7558051212503928082
7532861964490427655
7560897415943818504
7544669706410675478
7556251996907425025
7509496214929394962
7442294495867079952
7563945659410205953
7538681293203049748
7517977682630429960
7558800028240841992
7291605203978112258
7545905243947650322
7562397983271095570
7532861536742673682
7430086411149233426
7380602322436574481
7381078589929819400
7556507107877555463
7529494855559466260
7472404095165320455
7563961853957721362
7495382380497128720
7538039439797259527
7329473663445601554
7557722334925262098
7515626898764877074
7553885291690495240
7253007305447361797
7293819369786756353
7522317963895213320
7258616590357351685
7532078675878071559
7553322242793360648
7524294851026898192
7351430007635315969
7510962966179630353
7563265960447184146
7502289850184387858
7523444166215437589
7470734307372371208
7507222589136178448
7518716273488858385
7411377460975127828
7533954352004795656
7520259203408186640
7473702876955610375
7440053649226747154
7326166155746462978
7561744310006222088
7543582657460948232
7562181274530794772
7560378649837374738
7561767760884206866
7556104959780064532
7477525449384414472
7392900325293821192
7443784119055568136
7478265210231475464
7296830118473878791
7497474548481199368
7174023771693616427
7307589498878102792
7470476360775994631
7518015627634724104
7297532839489178885
7500449781685177618
7173113067818028331
7067497026837105946
7552028892802911496
7251555866371951877
7562512744134544648
7478251363198110984
7562553697578831122
7173113792354651438
7562936304544091409
7492653470210690311
7563655492900359442
7505424052836748545
7563495386657197333
7464568867935898901
7556992568953801991
7451836704480054545
7519870714908806418
7489658001792535863
7321176669312666882
7247855742076603654
7525411033750588680
7507847641800133896
7479764801384680722
7478650065301671176
7563276192162319623
7563632881902308615
7513878552547233032
7469786323927207189
7513793854999366930
7291644411098844423
7489300733129510151
7496079416225729793
7549436369060351239
7472698536895728903
7501884668858338567
7242578411003071749
7438207759079755026
7537709171957910806
7562524826888408338
7158060512800935174
7532116766189735189
7514619221570080008
7327635949616254210
7376574322569186576
7562928937559526664
7562411927956196615
7564396581974248724
7564001332483345685
7529524230837374215
7564390453760544020
7564598685364014356
7564632571535953172
7562821340147879186
7564043495732776200
7564639850234760466
7564388161300794631
7563627387678919954
7457736773989436690
7496532895587208466
7501728183486663944
7564632475691928848
7564622535938116882
7564652726441807125
7564632746686024980
7564648953996758290
7526157568486477064
7564633287591857426
7564633901776391442
7564640372249414919
7524890634994322704
7223239299494464774
7562480080375532808
7564605432371760405
7562518795097607444
7516488397918113031
7564636200057703687
7564648372213124373
7564629246652517650
7506131121873161490
7413943073891306759
7562183727384694036
7564656932057779474
7564586090749938952
7339511932690468102
7562174840468196615
7491994996673875201
7409627979501849863
7457956241051110664
7436714985486650642
7431501327399767316
7430428286401957127
7437055324646804744
7410736440025419009
7438172388619013384
7139855079187778843
7454227286997470471
7459743194436160775
7427851217344204052
7040406003837373698
7422978721067306260
7559760897338559751
7496368259059420424
7489835287510519045
7443321881610030356
7444866215031344392
7563976756151979272
7341247531185130754
7564027294822436117
7534885471571217672
7522272201488207112
7338363354857098498
7564063404667735316
7562460679660195093
7560850985334082824
7559076741411589394
7556983457520291090
7556888271532379399
7556670179774663944
7556254631169412360
7556196643482209554
7560916580838755600
7429299464835190037
7464967231076584722
7564033497229233428
7487814311260196101
7561877485751782676
7344671250356210945
7561124333293292818
7338309031465061634
7523972029368847624
7523528945439067409
7563146469750967570
7544375674912525586
7279755213609700654
7338328721587195138
7563992877542444306
7380377457267887361
7354182278534204673
7255633064406027526
7447868075824778513
7461459957024623890
7543976037600726279
7435954912397167890
7311668121415191809
7448226773214530824
7381487249126378770
7549893057446006024
7435952487053495570
7546914237151579399
7295670502968823048
7122090630163041563
7533917263930543368
7555053508416900359
7044415240049528065
7456070963529059591
7309105545582038274
7539507359626841362
7479247693173263634
7423057032183418119
7501912287825890568
7384024954133597441
7530873575536889106
7443861513481374994
7484254231696772370
7402646564847619346
7525814349336726802
7543174061099158801
7450555093100891400
7485612643672165639
7544609524565527826
7429654493035351297
7465727453529492743
7556425926742002964
7543917042001382663
7346461256045333778
7562550982308121864
7536577145590582535
7564306918055873799
7479088876036951312
7296704849469623560
7556088231423462664
7537345008261664018
7542752250603621640
7485710216521174279
7562766534607719701
7487058448534768902
7523447410912267527
7544242715530218770
7534715796682067207
7564455446640168213
7564273375099751701
7564403980546231559
7535096682388786450
7365840191870815505
7562539507464064264
7537299509798309136
7562381103642823943
7563296799486709013
7564385955856010517
7561991044317957396
7499099294717332744
7556468884270894356
7515029334818721042
7560151096329571591
7353976737967000848
7464581264536915208
7345036836542172424
7340876409956584705
7553255678811360520
7537294930994007314
7563566693113515271
7562932929878396180
7564326335913463048
7470107647329586449
7561986622225435911
7562864299413114130
6994046144053660930
7563984840035437845
7546842097999990023
7562101113651055880
7533609814992129288
7534890747309477127
7558686122008792337
7519504055668854023
7555718526883859719
7388134812332363026
7563591303401901332
7562702477208915220
7548060870249696519
7564009433035099413
7561718355477024020
7562818066803854613
7525306863659797776
7564014982216568071
7469814395556695313
7561699052190977298
7561645159117606164
7537270873925881096
7558806700568939777
7548036110144769287
7558343298369260808
7557703514332384520
7561961339380337928
7562405298728733973
7563884792186457352
7563161540854058247
7548348948541361426
7562245629834169621
7560518783811570952
7562035680025529618
7561261921605979400
7560912661299416336
7562114668177673473
7553877319304105224
7541361806565035284
7563148923100056840
7562923257284840712
7556956726163983623
7564029216551881992
7549047191180954888
7552853225032912146
7564655913588526344
7563989089549126919
7561636488639778068
7444952732781251848
7557214814058122503
7558411741911158023
7563167108905848071
7561677637484154120
7564063202443578645
7562143681474546962
7564404255247961365
7550611933238611207
7547577493734051079
7558811350152105223
7563147793473244434
7558715717982457096
7550212192100994311
7563171140659694855
7557321307554106642
7559190539950771464
7564322303895506197
7485965945857527047
7561046913089391880
7559893895660768533
7559244092513832200
7564461864227261716
7556310308201975047
7564621642425453841
7498594191098924295
7550915990628863240
7558729040601861394
7307061469294759176
7547738709936934162
7559505899971284232
7556822255930559764
7440061349440408840
7558700839070747922
7555374940078230791
7555743852854922514
7562459720926186770
7561003778996981010
7560940145516547348
7500589605855694087
7418868081931357447
7438210380867849479
7563583631201930504
7352512888239574280
7515282118293867784
7352523380806913287
7514955418901302536
7555375665705520402
7555387313954557204
7357716679763201297
7554408119854468359
7145739858370120987
7550622803809078536
7474930983364562181
7560190907752910100
7563489659028770069
7551008649674542344
7498277022007840008
7556862004560923911
7341979399731842305
7563456802478755079
7563168782282132757
7287468333610306818
7560048109372427528
7151196519641763098
7121668783567113498
7552907992136502546
7491183164384103698
7535482492699020551
7554008017067347201
7564310738039311624
7380624139314416897
7371391379404033300
7563319336207715591
7230671160520789253
7228588029714156805
7559361604282813717
7560312447236607253
7466542324663831816
7545446296056794386
7563665559758392596
7562547602076536082
7548108716155915527
7531657333353712917
7562830946156793096
7564295899766213906
7554391458707442966
7564284603138084114
7275218423091563778
7326205280994397447
7563681807758314760
7561433692246215966
7558478901442399496
7512446718831562000
7563897873557998868
7563979128982998279
7556208248269851922
7561093288338394385
7523429857737461000
7563195018786262292
7517965585808936200
7533109904287042824
7561362615990095124
7555840418651376903
7563159674531466517
7564308024278420744
7561043304696024338
7562402924123524359
7564367627070475527
7563253661292367125
7533266137790876946
7563679273215724807
7540676847344815361
7557309216957025552
7560586684979547409
7562715648380374280
7564274141910650130
7532501933559483656
7563152199275040020
7555399063437331719
7252985880061824262
7545845851055279367
7562815367567953174
7562626995683626261
7562525979780893973
7562229179949927698
7562867662989069576
7562810326098382088
7563264750226902280
7563625536098962695
7533262297414847752
7561698251930438930
7560173423985511687
7563724678435589394
7564645118595091719
7564573366061993234
7515051003276774663
7563170691906833684
7294630187310894338
7563125845603142930
7387645088387599632
7564423786460663047
7563205541103766805
7527098487586966791
7562527653803199766
7562547592282819861
7535633171879070983
7564617942843788545
7549927362771651847
7561971051257793800
7415921663419714834
7477457229927566599
7563080836946431239
7562523017624997138
7552902500832103688
7564592203465526535
7564282105031658760
7557959430541774098
7564386850274610452
7563953975280585991
7564274939923057940
7473076234306604306
7562861275676462356
7345466415824080136
7564358791639190804
7564583555041365268
7562919895537650962
7491285887595187463
7562893542247402772
7500475517183790343
7482760520085458194
7563303759921663253
7564268720697265426
7561331185364815124
7561047737739775239
7563984862282009877
7564599071999102229
7528377096960314646
7191021489301343515
7483544026046532882
7448827737936071944
7492342090991521031
7564674236229455122
7564649334269070599
7564646191732952338
7564637020799126802
7564635351172828424
7564633582841466130
7564627219373427975
7564624404295060754
7564620599436332295
7564615250876632328
7564612446707567879
7564605043211586834
7564603643673005330
7564587873949764885
7564574887558270228
7564564251294190868
7564558898267491605
7564554832703507733
7564452967106039060
7564447831998729480
7564446849923321095
7564415786991750408
7564400477404712213
7564394448809905429
7564360953580506375
7564373611671211272
7564370231573908757
7564354226227268882
7564352975167098119
7564352052629884178
7564343653146168584
7564340287317888263
7564335037534227719
7564320033552239880
7564317742585613586
7564314588901133576
7564311707418512648
7564306549477297426
7564302611290033426
7564278235534478600
7564276616218578183
7564275395642559762
7564271858141498642
7564260848563145991
7564254500622585106
7564253255564266770
7564250148331588871
7564244482577779986
7564243000797170952
7564238926475480328
7564236487605112082
7564233646404570376
7564231600788065554
7564226552985029906
7564212252774010119
7564210915076361480
7564063448057875720
7564062737320480021
7564052482490486023
7564041917546122512
7564034655284972820
7564019727551483154
7564013671920241927
7563989347188378887
7563988461884132616
7563980782956563730
7563973951576165639
7563970247313640711
7563968827067780360
7563965686931049736
7563955380359826695
7563944436850347271
7563944255312399634
7563943812465249543
7563942809162583314
7563940179908578578
7563936996012412167
7563914396838251794
7563908968146406674
7563882681931402504
7563869395370511624
7563867920812510472
7563865051929627911
7563860671180311816
7563691302005591312
7563618441165327634
7563678488029334804
7563669283792899345
7563657698298924308
7563649408445730068
7563620128626068757
7563618876764720392
7563616172546018567
7563608038729403655
7563596516015820050
7563594461087943954
7563592089242553607
7563576517112892680
7563571143618137352
7563567366940953863
7563526842666208519
7563524136010534152
7563515599649852690
7563510657128205575
7563505169225288978
7563503704486251794
7563499898654575890
7563498577973038354
7563496362218753288
7563494850583121159
7563492566230912264
7563488959892884743
7563244712409255176
7563303759921663253
7563300957921004821
7563247159907290376
7563238336870010130
7563225260225596680
7563210048319671560
7563207937448037639
7563199930970557704
7563191788681334023
7563165336565075218
7563158644611894535
7563146933569621255
7563131083085057298
7563128459057220882
7562976790612905224
7562964072031866132
7562952524605541653
7562933982011149569
7562918089331870997
7562915762755702024
7562905544764280082
7562871116671356181
7562860260139027720
7562843342602587410
7562824930027441424
7562820835346763026
7562777422937246984
7562761321519926535
7562750691022867719
7562502953999895826
7562605457685089552
7562600615323520257
7562584538577227028
7562580128492997909
7562562646076149012
7562559923503107349
7562556058741296404
7562554088555236615
7562550796571692308
7562507531323591943
7562494818358742280
7562489766357257490
7562483045748493575
7562476110068468999
7562446625730235666
7562413705217051911
7562410913291160839
7562408841195916562
7562399467756883218
7562396891225296146
7562388669177335058
7562385448740457746
7562383805235875080
7562200564134694161
7562116112318614792
7562166099131878676
7562158437178543380
7562108163571354887
7562127153224011026
7562112980821839112
7562106621455830280
7562098754128547080
7562091959331065096
7562090316321295624
7562087583384161544
7562085396910263559
7562052087509536008
7562051062861991186
7562043115343793415
7562040565248871687
7562035295248534792
7562033896997604626
7562033297598008583
7562027110882233618
7562018066373135624
7562007309954583826
7562010376192150791
7562009383937395986
7562007649710099720
7561856077575294225
7561839980302077204
7561820601111858452
7561812696274930965
7561753066593094920
7561799667743345921
7561752473308859666
7561731750754389266
7561729261627919624
7561727668433997064
7561725519255981320
7561714090172173575
7561685781677444360
7561685242608651538
7561678878083747080
7561678785477709064
7561671674358254866
7561669238155447570
7561668074194357522
7561664959759879442
7561654869757627656
7561652634927582471
7561649937876880658
7561648341495418130
7561637051611958535
7561483178486107410
7561455694671645959
7561396422390615314
7561452224157732097
7561444565387988242
7561436370741333266
7561415537142615303
7561385734620450056
7561382524849605906
7561377081821498631
7561373484459347218
7561364858999000328
7561362434036944146
7561358326022343954
7561346603798318344
7561344792639311111
7561336594217618696
7561301660249738514
7561293108336495880
7561291720848166151
7561286494804102418
7561284801769131272
7561277194488630536
7561275693435292936
7561273816069033234
7561264229697817874
7561095976916618513
7560981564306328839
7561070099612880149
7561061056974540053
7561053590790376724
7561048421851827474
7560921462329052423
7560913854197288199
7561007952686025992
7560997582290324754
7560990754856848648
7560981750998912264
7560980414760783111
7560978565714562312
7560977134366313736
7560970162237623553
7560967519746493703
7560942939292142856
7560941226011184402
7560924167034440967
7560920734143384850
7560918939400719634
7560905386010643720
7560899441884957970
7560897014133755143
7560744884219448593
7560734331547831570
7560714861408210184
7560712517480156424
7560703856141765906
7560700847387200786
7560688090814172434
7560676517970283783
7560681765090774280
7560650574396443922
7560648281303387399
7560616406568520967
7560610970935053575
7560602334817045778
7560600022673394951
7560578409122843905
7560531146073820423
7560566108328037639
7560557693967043847
7560551809517931784
7560548757339786504
7560539514377260306
7560533215291673863
7560528997080108306
7560527164198620424
7560372422227152144
7560371259230539025
7560344149451361557
7560338893535448341
7560323928623762695
7560257020360789269
7560314708918652168
7560309172936461576
7560273844318047508
7560256613202857223
7560247992318463252
7560239862733999381
7560237975720758536
7560227925065207058
7560185421653708050
7560167048706477330
7560163712003312914
7560155199239621906
7560151804730805512
7560137805498715413
7559982611599379730
7559980052448873729
7559979384812113170
7559965714820402449
7559952879050591495
7559952377072061703
7559950618266209553
7559943310433864977
7559888376950754567
7559875744852184328
7559859226877660423
7559856652078337281
7559814668961746197
7559806974095904018
7559799724870552839
7559795568453635335
7559789609585003794
7559631518658743568
7559625333956218132
7559597758001253650
7559570256008695061
7559521666032880914
7559562730143796501
7559568253723397397
7559565352305265941
7559520551664930066
7559498857420262664
7559493114575080712
7559491021923421458
7559484877817613586
7559483261957852434
7559453206581890311
7559450712103505159
7559446020531260690
7559431590263131410
7559430371683699976
7559425630887021832
7559422407836994824
7559421257444265224
7559419407273938184
7559418189667470599
7559252250648907028
7559236839656213781
7559220821533805841
7559219678451617040
7559127118832061704
7559215877539810561
7559174284388732178
7559210310729534740
7559207719677267221
7559204701024111892
7559186780256341268
7559148963585215751
7559147975612632338
7559144971761192200
7559144753665723655
7559139397589814536
7559138788694347016
7559138235952270600
7559134965208796424
7559127021247302919
7559125027468217607
7559123181823380754
7559118249019837714
7559116420617948423
7559085716349799698
7559054727468584199
7559072973882248466
7559061701073767688
7559053782957509896
7559052230179982599
7559048938200763656
7559046693535173895
7559042719583063304
7559040888861723911
7559037275632438535
7558892662380662024
7558862004962807061
7558845821689646344
7558837651495849234
7558823003564281095
7558816496915451143
7558799220300598535
7558792436005342471
7558790050843151634
7558760586079636737
7558775662706707719
7558759743070735632
7558761402723503378
7558757805549686023
7558748973540855058
7558747003799358728
7558743520798838024
7558742427956202770
7558711218467261704
7558708915928616199
7558703647920590087
7558701032902036754
7558693544647757064
7558693373293382920
7558689330890362130
7558684406144093447
7558681398723300616
7558673201920740626
7558670369935199496
7558667997766896903
7558666129544072456
7558478556729183505
7558480476328054023
7558475695492549906
7558472931114798337
7558467390917397778
7558469221819354386
7558454898187177236
7558452192005393665
7558421862519180565
7558413316259990785
7558394470438391058
7558392726731934983
7558391228698529042
7558388936918371585
7558382590785375508
7558364238658407701
7558344427496819975
7558340366366166280
7558333344614796562
7558315951272267015
7558310112830557461
7564633352481885456
7564610779626966288
7564395718618664200
7564349846254013712
7564321596798749953
7564257565652159745
7564252486668684560
7564248173095456016
7563967405366480129
7563961420887444752
7563888859365281040
7563886356385041680
7563639392825347336
7563608551562743041
7563604854564752656
7563576284794588433
7563511149606571265
7563500771338226960
7563231869316254993
7563128056747937041
7563121004193549585
7562830793786150162
7562449647734689032
7562044365045107985
7562110461882273025
7562098773514554640
7562041252565339409
7562033141158776081
7561751209556643089
7561744576084577553
7561719139165900048
7561650755065646337
7561449675249716488
7561408774427118855
7561383703188917521
7561356693754481936
7561276245783153937
7560986856939146504
7560644539409566984
7560532127524080904
7560290311931563272
7559790726603721991
7559552519320456456
7559533548714167560
7559512471816408338
7559131346770103560
7559083198840327442
7559065404002323730
7559056045851659538
7558730882777894162
7558716245609123090
7558709679270956295
7558419003597737234
7558405959136152840
7558321076112051463
7558310955088727303
7558302647854386450
7558298800926821640
7557998587318127873
7557952920680008977
7557935870037347601
7557716370809457938
7557257012740951304
7556920720370978065
7556911131797867792
7556830482441243920
7556814480106212625
7556554700510743809
7556540469593787664
7556516471287844113
7556448850521722128
7556184584518454529
7556156302154616080
7556087799619882256
7556072382473997585
7555811218833935624
7555794722430749970
7555763631674117383
7555717689218551047
7555692065238174984
7555398868163169544
7555341033136033031
7555318376030080273
7554938170253577479
7554581174400716040
7554330961148710161
7554313947025837328
7554296691696913681
7554233020924906768
7553954994039409937
7553929770350972176
7553870764370316560
7553846245727505680
7553574837977992465
7553555071875697921
7553470937107090704
7553213898506210577
7553211077492788496
7553203579281083664
7553132971075718417
7553119292368243985
7553111884459740432
7552836234020703505
7552818858923461904
7552746955806428432
7552744081840016657
7552375265188482312
7552113318136188168
7552035612329610514
7551720953332370704
7551717824595643665
7551656024357211408
7551652773650042128
7551650207604198673
7551357357071142145
7551354962824006929
7551350461215902992
7551334652993211664
7551251317289717008
7550962785287539985
7550903839478566161
7550869829134060817
7550625216314068240
7550604736702041345
7550595814184242449
7550589182264053008
7550528167371361553
7550242790307941633
7550226092049665296
7550147328838094081
7550144295089474832
7549813592154066184
7549413974060616968
7549390564664380690
7549125109307444481
7549115880672693505
7549057706544581895
7549049102294732040
7549039031577840914
7548786214422203656
7548758863097449744
7548758629114055953
7548737216172887312
7548638027942268176
7548379208578305297
7548363398208179457
7548356931065335048
7548013463449259281
7548010269696445712
7547937872712682769
7547927668889554177
7547640886100856081
7547616408033561872
7547543184461581585
7546935084482383122
7546822125034704145
7546530997848788241
7546526672674180353
7546510528403852545
7546445981563227409
7546432492421614865
7546151280280980737
7546133144760552721
7546050722819886337
7545787243412163856
7545776626655694096
7545758607372045584
7545702113167281425
7545482981889101063
7545476053503085842
7545284796239383815
7545260545583205640
7544781550076939527
7544339549896461575
7544181745357229319
7543932970558573841
7543899203903212801
7543832449348898049
7543559143081200897
7543534421702397185
7543474018347683089
7543465292324785424
7543111193376902401
7543103258408078608
7542882861523815698
7542811455935008001
7542786824494714129
7542725947385072914
7542714536445365522
7542423456718130449
7542456464758115601
7542445422833405201
7542417157154458881
7542355855530921233
7542080600417619207
7542033746552278280
7541655497644985608
7541321697920634129
7541307916779785488
7541244717195922704
7540927045484956935
7540880260217326855
7540595493894720769
7540570893748161793
7540509769904164112
7540214744091774225
7540192963888975121
7540119308848942352
7539841976942841105
7539777942935653633
7539743566319406353
7539419751131483400
7539172093150186760
7538736985767202049
7538709535360290049
7538645226533948688
7538355505052257537
7538289558773959952
7538264862904929552
7537989068014046480
7537982338727152913
7537914808285367569
7537889948662304016
7536488741595073810
7533527982783188241
7533514387252858128
7533439577340579088
7533155210118630672
7533090722317094161
7533073414794382593
7532798644584451344
7532715839007591697
7532407183107968274
7532425549164104977
7532410605504892177
7532334051160493329
7532043915688512785
7532022775972760849
7531944967707594000
7530954260138298625
7530862188009884945
7530831402082848001
7530560023810903313
7530491196230225168
7530470171547290896
7530199741125250320
7530173244263992592
7530087357073116432
7529833788734524680
7529750574519045383
7529441415433096449
7529423982018317584
7529374001374792976
7528773260138401042
7528661674635611400
7528327619800993040
7528269274524290321
7528238550744108289
7527981887856381185
7527866031994359041
7527859681251888385
7527610948132064528
7527516998620679441
7527506156156095760
7527229174323432720
7527216438076034320
7527140548294085904
7527122376857832705
7526863841435602177
7526835049489059089
7526833138270555400
7526782305793330449
7526754666160327937
7526395190777613576
7526074416816622866
7525734520696392976
7525670433052577025
7525642888710016272
7525376779134012673
7525345799161580817
7525288117402750216
7525286405690428673
7524999993321622802
7524930813381659905
7524897432451206401
7524542409598881041
7524272991304207633
7524244974750223632
7524155135887478033
7523439750905089298
7523144617877982480
7523120717324438800
7523077488520531217
7523048655218134288
7522395137809321224
7522678663058345234
7522776244497222928
7522677614264225042
7522692884269780240
7522679305898413329
7522376641616596231
7522409313533578512
7522397010918411536
7522328985653595409
7522322718411214096
7522001777743498503
7522029627351551233
7522025156047326465
7522016164986342672
7521982882189987073
7521957297162079504
7521673356031069441
7521666836602080529
7521642102963391745
7521582064546712848
7521564031564434689
7521206614037220626
7520932163542453511
7520863227853475079
7520560850072112385
7520560489319976208
7520543140139240721
7520530182902484225
7520467248880913665
7520439648225643792
7520190217312111889
7520183852636146961
7520178232759569680
7520090191240121601
7519807009282084112
7519795718266113297
7519791979157261569
7519776623068056833
7519734331821083920
7519437138530667793
7519432650378005777
7519425205689781520
7519360613563354369
7519339772859419921
7519076689482140929
7519069228419386625
7518976946626104593
7518965251602124033
7518675571862293778
7517968253021474065
7517964875474259217
7517869320567852289
7517959422241524993
7517935339374152977
7517930707583323393
7517844937367391504
7517584459126852880
7517512824462118152
7517572068934716689
7517500497218014480
7517484425123319056
7517474896088206608
7517195434373156114
7516858128646819089
7516857827630124289
7516885415572393224
7516849189469392145
7516817138942741761
7516788268508269840
7516746211827666193
7516136475222756616
7516130679470492948
7515699727493532948
7515674375849348353
7515070257552215303
7515348850756947221
7515340845285903637
7514960743494585621
7514957915665566996
7514953282087947537
7514669482808298758
7514532322167835960
7514541386893430022
7514536713448967480
7514135183835106567
7514259772418313473
7514155324715109653
7514152613395369236
7514150794602532116
7513947350327397648
7513943141687250197
7513810776759504148
7513801928287997204
7513566935955623185
7513106282056781076
7513095480373513492
7513091200124013844
7512681415289392391
7512673848848960776
7512403409157278994
7512401323120266504
7512397576063225096
7512368339998526727
7512034375320587528
7512030929825565970
7511999070433725703
7511995386093997330
7511652378739805458
7511638394720587016
7511633054880877831
7511200570481429768
7511177150427401480
7510876490871917842
7510549722587876626
7510514592091606279
7510510299045317906
7510164375840296199
7510153297429400840
7510093421869206802
7510089443596930322
7509812317501148423
7509764226618100999
7509719065125047560
7509714464707480850
7509432050085006600
7509428617361804562
7509414682390777095
7509412066105527560
7509386424945216786
7509115686283758904
7508997458295409928
7508994731809017095
7508991805954805010
7508631148373789960
7508626879662886162
7508624915910708487
7508622806272216327
7508603225306680584
7508295520411077906
7508293045608074503
7508229248134466824
7507871894150909192
7507577935528725778
7507574770326703367
7507528026377243922
7507238493446393096
7507190964071517458
7507185854046014738
7506702810193480978
7507117732433792264
7506867000895900946
7506823836894055698
7506763753329806610
7506759917332696327
7506483623156043026
7506480976864791826
7506476208712994055
7506356040867384584
7506160841902034184
7506157816776772882
7506003200315510023
7505990608792718610
7505616550469061906
7505612089575083271
7505610125978193170
7505414776156065042
7504975733215726866
7504943835135347976
7504873916939144456
7504517414999149842
7504216603077217543
7504187849453964551
7504185032982957319
7503869730407714055
7503868582988713223
7503829315335900423
7503776037759765778
7503767981147671826
7503468549520772370
7503465039798603026
7503386744788651282
7503102041854610696
7503098577787440391
7502748811513646343
7502746137128897800
7502388681882340616
7502385371334855944
7502323687799098642
7502304798276930834
7502009547507272978
7501923562354183432
7501921350567742727
7501918258891705608
7501629977394220296
7501626291238472968
7501621985663782162
7501549346152811783
7501274066418961671
7501257399295036680
7501186219561340168
7501178620400930066
7500892066260471041
7500893800580041992
7500888529015196946
7500823351313566984
7500816214139178258
7500790333752511762
7500424643602386184
7500411900191100167
7500119458971684103
7500111990497561863
7499681726046686482
7499677525879115015
7499306431556947218
7499296509020671239
7499025960642088200
7498672639137811719
7498663467302325511
7498584844679531783
7498597928315948306
7498582563473181970
7498579475039358216
7498300216886545671
7498296356692331784
7498222003044846855
7498202727734922514
7497910988751031570
7497900755861605639
7497505209946524935
7497483218413735175
7497479701678574866
7497459264932351240
7497457317022027026
7497146298764643592
7497190662027152658
7497180135456541960
7497171902767615250
7497094967479766279
7497087629293309192
7497084314019007751
7496873778874486024
7496804026021924104
7496800461958237447
7496740641301384456
7496733878225210642
7496519191898377480
7496514686180150546
7496441597790555400
7496446390101363976
7496370097108389128
7496364094165929223
7496042394723339527
7496033052649426184
7495992049070656776
7495990177567886609
7495982526733847816
7495960874469838098
7495710856534134023
7495688276360138002
7495623962773294343
7495598414168591623
7495214678335917319
7495211546658884882
7494856479829150984
7494852188250885383
7494843938616954120
7494656141222366472
7494598709833911559
7494592199196364040
7494567079698271495
7494502528424676615
7494498505340341522
7494234222878543111
7494230982099242248
7494130980840590610
7494106454224325906
7493849988733144327
7493762288864972039
7493756180762758418
7493748363549003016
7493555329968426258
7493480135601949959
7493476341958987026
7493471111481462024
7493468209538944263
7493409079918857479
7493175122845502738
7493156052196723986
7493106503084444946
7493102449511681288
7492987586399587592
7492985184560614663
7492676149823261959
7492672662410513672
7492339455198563602
7492252142783302920
7492249829297409287
7492246449661431047
7492014023341378834
7492014768031550728
7492011534625852679
7491961735058820370
7491924625094429959
7491908753206398216
7491914400740281608
7491680408107486471
7491644136903429394
7491592336871361799
7491560518151392520
7491556162215759111
7491510870976040200
7491300024945528082
7491254043931577607
7491210689164430599
7491202119245008135
7491145359918468360
7490908658545577224
7490910927697612050
7490906909604711687
7490846021694622994
7490802100339789063
7490786057739341063
7490365302958591240
7490461606338432264
7490119649850395911
7490087475000659208
7489867361378471175
7489776682774138120
7489771176651279623
7489639529687551239
7489430238691167496
7489390292005653778
7489267848586530056
7489265961791393042
7489003248263695623
7488988284744436999
7488918936591944978
7488917263869889800
7488720527843036424
7488717508279618834
7488557890538605825
7488652450870643975
7488552892874493192
7488548876887215378
7488280179836505352
7543970055168675092
7544458225698082069
7538746083271281927
7564678617523948801
7564383811165883649
7564053532228291858
7564021742147095809
7563670617182965000
7563667356321352961
7563649477223910673
7563618804106857745
7563591222971960592
7563369898693512456
7562887297922780434
7562552057903779079
7562132377384881416
7561856512935693575
7561856346052840712
7561854960527248658
7561708259552316690
7561723568443247890
7561417666989198610
7561390728669121800
7561351106673036562
7561291076007791890
7560300274116594952
7560247825141943570
7559944054755200274
7559929772529241362
7559596018292100370
7559573678523010312
7559550774594833671
7559553543414254855
7559121553758244114
7558466883821767954
7558344840400964872
7558082776419912968
7558075302593793298
7557389358068714773
7557374607540489493
7557373575116754197
7557333710601850133
7557312833592053010
7557003925480623376
7556639743115627797
7556590167834774805
7556287254205943056
7556226470071438613
7556143878890409234
7555879483090226453
7555873005105188117
7555842866405264660
7555831366760402197
7555712631462530324
7555495279747779847
7555481017637817621
7555405781605158165
7555105718961982741
7555075773988670740
7554999791223065876
7554987233128877332
7554040697066687760
7551020013159845127
7550675247607844114
7550273347876048146
7549944136959397138
7549187419266944264
7548795605867302162
7548638135974972690
7548041174171274503
7548060146442751239
7547741090917485842
7547707279001308423
7547653186937523464
7547291208637238546
7546943265661013255
7546949412338126088
7546587436525030676
7546106924811537685
7545845312754093332
7544327908865740053
7544004008160136468
7543996959913282837
7543931851807771924
7543561526301543687
7543087685280255253
7542475208574176520
7541791038390684945
7541556247921839381
7541118162780245266
7541099683909881096
7541038499118566664
7540704056503930120
7540637993686650130
7540412208111439122
7540399334827855122
7540302622327295250
7540230702479068424
7538824592521956625
7538367353256561928
7538364339921620231
7536597780291161362
7536084585759640850
7535857970207395090
7535788228675194120
7535120383024893191
7535044559533837575
7535077638092786951
7533636847860305160
7533608994435501330
7533250510887963922
7533174090127953159
7532879497981381906
7532495940578495751
7530942588136869128
7530625323512204552
7527251212375182608
7526964727566716167
7526917731690630420
7526202284976409876
7526190169981013264
7525825619859377426
7525812017584950546
7525781719664954644
7525151642992332053
7525103414523530504
7524527849684962581
7524189239647554834
7522873272187374866
7522840671259053320
7522508622711016722
7521710689010879752
7520473525413547282
7520217156764716296
7518271349660405000
7517578831578828040
7514632679514590470
7513904919947070738
7513583670922448146
7512848095382621458
7512409476624846088
7512067783363005704
7511942586903399687
7511349811690409224
7510972712148372743
7510220605984197895
7510172977627974919
7510144535981296914
7509882912787942674
7509770279497796882
7509444508157775111
7508981141869825298
7508757100588223751
7508399582733159698
7508317053007301895
7508039405655821575
7507619666341154066
7507536839926926610
7507263669596638482
7507213004451187976
7507184350547545362
7506881981532081416
7506534991258537234
7506478288232123656
7506158552134798599
7506133110359149842
7506029136754887944
7505741235697601810
7505432121255709960
7505418664791870728
7504924398042860818
7504676594607328519
7504641217263586568
7503924861606120712
7503906913000721671
7502801977777114376
7502336781874924818
7502050461428731144
7501973039945485576
7500925980853259527
7500553474824752392
7499462840768564487
7499311340658494727
7499251623697386759
7499106733084871943
7499068801749667090
7498673103828946194
7498537340558707975
7498249646754581778
7498131942034984210
7497889632500206856
7497623684165815560
7497456401107733778
7497374727581879559
7497219080420773128
7497205781385710856
7496352304443002119
7496345484093656328
7494776832303172882
7493824391470517512
7493494667204513031
7493399634312727815
7493373116933000456
7492801843693636872
7492724770522303762
7492629997140708616
7492594358898756882
7492326940544666887
7492050348824169736
7492036353065045255
7491985425796549895
7491771651458174226
7491712702042148114
7491658348689919240
7491627950396165384
7490895305303461138
7490568275177245959
7490472789149879558
7490059658489629957
7489778546777296133
7489670448939142455
7488696193690717458
7486829999052377350
7486820113103031557
7484250739519360263
7483744307111873799
7483495827399380232
7482011948876369169
7481885307785235729
7481624150788934928
7481616405968981255
7480022905380687112
7479802141662596370
7476076731527482640
7473107428838493448
7472738365360622866
7470835530435923208
7470435875151777042
7468997831664078098
7468653090351222023
7468599996984642823
7463466815310613767
7462737859880013064
7462608686440041746
7461554417423109383
7458957344811060487
7457883863528901896
7454818453082443015
7454084106016541960
7451560479136238855
7449404256324570375
7448613507324562696
7447155101740928274
7445918938719964424
7444490836190039304
7444157306117426439
7443042529718816008
7442233761695108359
7442110417511451922
7441522619846774034
7441468760197827847
7439348524342398215
7437289733417405703
7437136695029517576
7437112816051522834
7436201910824144136
7435115931254131976
7433307268797467911
7432971266308574482
7432651796063063304
7431091853992152338
7430817272194682119
7430635466044558599
7430364505563073810
7430240566799011090
7430090602836020488
7430086403188411655
7430040620955176210
7429340331109420296
7428451919212940551
7427885935355841810
7423002288404450567
7422195595827236114
7417702668757372167
7417316586295397650
7416614088521846023
7415868546485456136
7415219669793180936
7415203409181150471
7414790313471905031
7414476240373042439
7414413086897048839
7414371789167414536
7413955899464617223
7413799336632470802
7413699081308048647
7413598360059301127
7412867843336834309
7412458656861621511
7411759955700698375
7410269400126786834
7410027888688270599
7409518138225610002
7409503105835945223
7409302439070829831
7409197850766183687
7408793506342325522
7407748632432233736
7406542903964699922
7406320955435388178
7405941615983938823
7405118363325713671
7404326014530129159
7403986562897202450
7403666441121123591
7403276139441032466
7402990804962233618
7402604873578990856
7402252168775945480
7401512218979781906
7401055319763275016
7400907751293029640
7399954148810050834
7399659873195035922
7399566331307134215
7399311234744454408
7398920053573373192
7398835009672547592
7398399698874141960
7398386815687838983
7398182639531822354
7397716794380750087
7397345443077836039
7397010873266490631
7396910782190996743
7393690844651392264
7393206317088902407
7392903430529977608
7392827810437500167
7392447180981751047
7391313161019755784
7391109688391159058
7390725389900909842
7390644660445760775
7390571400773373191
7390002838157544711
7389940045840387346
7389865473673858312
7389852232537132296
7389615714803404050
7389454209084607761
7389246708397477136
7389171791433960720
7388883519772151057
7388802653876178192
7388508400558066945
7388438466238926096
7388383318204534032
7388172261846437121
7388072339218386192
7387999563786767633
7387794758623628545
7387719194021874945
7387405392495660305
7387303860550880529
7387239665637526801
7387018565255302417
7386599067192691985
7386290435142077713
7386228739090271504
7385898117855563024
7385406122120776977
7384798879021141255
7383645647003471122
7383505332628229394
7383291248049786119
7382947308356308232
7382497236007128338
7382122362549849362
7382067931900857607
7381523819791437063
7381397781249789191
7380676372030639368
7380362601223523602
7379909101502909704
7379609486161480978
7379451158173109522
7378520948489719047
7378098160801041671
7377043098687327496
7377003062939880722
7375931065724128530
7375563424673172754
7375136643650506002
7374787518086139144
7374630390981577991
7373971446177074440
7373658442176793874
7373322840604511496
7372908101797825799
7372893210873498898
7372564733624372488
7372234839182953735
7372205335311863048
7371790597503388946
7371677419578707218
7371448842224454919
7370960309420346632
7370598833593519368
7370317773357976840
7370161394953522440
7369951972121644306
7369839670986837255
7369596634260458759
7368760623817166088
7368728915159960850
7368683196361362696
7368394064363818248
7368351385252826376
7368317570816036104
7368101364989185288
7367688815978351890
7367208558699531538
7366848024821140743
7366829608043318535
7366813925888789767
7366451785906588946
7365436476856847623
7365128416368053522
7364761144684252423
7364409166628261127
7364395601259220242
7364336694813789447
7363314936795237639
7363138243656699144
7363122751873338631
7362910246437653778
7362553544748059911
7362138029886115080
7362027443936316690
7361430945938902290
7361420734599613714
7361279863199714567
7361099061593722120
7360949301217873159
7360266783577722120
7359918110012460306
7359562095349730567
7359470251425238280
7358701527541812487
7358480859109887240
7358404149299449106
7357679540224658695
7357198118670159111
7356896076026088712
7356548687251688722
7356444620730961170
7356415705983487239
7356259911841451272
7356076005108305159
7355475966052814087
7355048269749193992
7354763328465702152
7354625569893420306
7354407210111257874
7354350923054877970
7353655771919437064
7353274437929635090
7353256453211278599
7352559374260325650
7351443026742365458
7351057407084088583
7351034104734829842
7350945383893208338
7350344423894453512
7349922568515669255
7349541760881773842
7348475135055154440
7348337872761654535
7348082922252979474
7348072063317429522
7347211181632933128
7347096785522937106
7346540492680695047
7345850719276256520
7345832153730616583
7345630172302855442
7345107348291095815
7345069506793917704
7344756883934268680
7343981851394018568
7343646753381485842
7343601709530303751
7343578130478681352
7342875038892199186
7342462527994875154
7342093418794896648
7564694164001017095
7564693704221412616
7564689382284774672
7564677304081812757
7564674155526819080
7564672465218047252
7564671132121582869
7564648239216053522
7564647796838550791
7564635432898612498
7564634526354263304
7564634416929148167
7564632707540585735
7564629675524279560
7564617158815223047
7564615456317820168
7564614540982291719
7564606269890514194
7564449811697618183
7564449520138849543
7564429437714943239
7564424425676819720
7564423809705495815
7564412880746073362
7564393811909086465
7564396739814378770
7564359915964271880
7564372808583646482
7564349639470763272
7564346004535790856
7564343560623983879
7564341088593595655
7564339030842723592
7564335761932225810
7564322959561624840
7564320104909933832
7564311457580584200
7564310625841696018
7564284907162438919
7564278721369197831
7564277389807717639
7564275091190713618
7564266821415652615
7564264753221127442
7564264427663445255
7564255584187370760
7564254982850006280
7564252923111230727
7564250055436225799
7564248087099641096
7564246240033115400
7564245621855505672
7564243261049539847
7564045466535464199
7564043545741364487
7564035343792475410
7564017702717672712
7564012894178905351
7563986432797330695
7563983786061335816
7563980427741023506
7563977892682632455
7563961562025725202
7563970733802523912
7563969220057484551
7563968396346313992
7563961253278895378
7563960472148692231
7563954203589217543
7563952799860493586
7563951003670678802
7563950915669986568
7563947907565620488
7563946805591919890
7563945540367568135
7563944266041478418
7563942527062002962
7563907821813632274
7563905519744732424
7563904429947129096
7563901693935553810
7563896013560401170
7563895867862748424
7563894400170872082
7563888937207418119
7563888778637610248
7563875775137484040
7563875110734630152
7563873608741801234
7563870387730140434
7563870309196025096
7563689941947911445
7563617818466471176
7563681954814823700
7563594860846943509
7563674996577455378
7563666843131514129
7563658184058080513
7563653149874081025
7563591207667125511
7563621576059391253
7563618672753773831
7563604064030756103
7563594762834464007
7563593361890905362
7563591732823084306
7563584715383459079
7563580989360868615
7563577127069617426
7563576429636537607
7563573933329501458
7563572062502128903
7563571909305109767
7563564705420233992
7563560469009681671
7563534415968668935
7563528187884375314
7563526579100339474
7563525109164625160
7563522638149061896
7563521052366703890
7563515614128622866
7563514392109731080
7563512124174011656
7563511283740331282
7563510568942832914
7563510020357262600
7563496450718518546
7563494460319862034
7563494300651212050
7563490685358181640
7563339217678503189
7563328810251242773
7563315943607225620
7563314316225563924
7563245272907042066
7563228964269903111
7563225392304180498
7563222884810820871
7563222488537124103
7563222452143131922
7563219486367698184
7563217961213857032
7563204045033180424
7563200973930302727
7563197981063777554
7563196814577454343
7563156979452005639
7563149531991395591
7563145905331883282
7563143853952273682
7563143615787109639
7563136495851441426
7563133156728065298
7563131871672929543
7563127435919674631
7563124866451377415
7562954451670125845
7562954111256186133
7562953695369956629
7562956012857216263
7562953478205738261
7562941452087741714
7562921009167338760
7562902100141853959
7562856836664266004
7562843018257042709
7562838170442763541
7562802077345352967
7562801368193322261
7562794626063584532
7562787183917124885
7562778176909266197
7562770146608090389
7562587778475642119
7562585858222738706
7562566853046848786
7562557415195938055
7562503376836021511
7562501252706241810
7562498794835758343
7562494284700699912
7562485457888546055
7562477318816451858
7562478541992938760
7562476960065031431
7562476356190080263
7562472371441962247
7562467406736657672
7562463077812260114
7562456605741092104
7562454656325061895
7562450872953752850
7562448351145250055
7562415467122494727
7562409172646563090
7562406444935548167
7562403064003562759
7562399797274037511
7562398067735973138
7562394644571606279
7562386273411943688
7562383875972893960
7562381840091270418
7562379402114387208
7562206953913535751
7562120108168973576
7562112150446165266
7562110795639803144
7562109659750976786
7562107165826223367
7562104750473219336
7562102897719184648
7562102710204386568
7562095779406466322
7562092573389491474
7562085454732922120
7562075143837601031
7562058358061141266
7562039860798835975
7562039250833689864
7562036364502437128
7562035989519125768
7562035546575490312
7562032505122000135
7562026605527239943
7562023184896118023
7562021234637049095
7562017892271656199
7562017246097313032
7562015582816652551
7562014023831538951
7562011634978376978
7561810977038011656
7561818210878737671
7561799838979886354
7561793604100820232
7561791021151997202
7561758277521083655
7561757869389991176
7561757768990969106
7561757572634660114
7561753434748161287
7561736697629740306
7561730846198189320
7561729618651139346
7561729493526793480
7561727599773306130
7561726383521549586
7561718531264498951
7561715312287141128
7561713174974647560
7561686820312845575
7561678748328660231
7561677631926684935
7561677555506482440
7561676620952554760
7561668817118645522
7561665239595371794
7561664760870128903
7561660586606513416
7561659342399786247
7561656681118289170
7561656659995528455
7561655153472933128
7561654263861021960
7561647462566645000
7561645079828434194
7561642901558676754
7561641694521871624
7561636818261773575
7561396230031478024
7561452206130547986
7561442744292379922
7561428393363852552
7561424505877417234
7561401612288199954
7561385255744163089
7561390689053854983
7561379537754475784
7561375240584957202
7561370038695922962
7561363927863446792
7561358072245964040
7561358976437243154
7561356949527334151
7561355683191459080
7561355364080405768
7561355265954565383
7561353167061962002
7561335153986096392
7561318309879139602
7561315762661608712
7561314764798872850
7561304670082190599
7561302558476635400
7561301701483908360
7561292019004607762
7561291287647882514
7561291174674255122
7561285003745791240
7561282010032065800
7561280093574794503
7561278944285166856
7561273590998437138
7561268663303671058
7561085991503645959
7560982059125132562
7561052548426206472
7561048795270630676
7561047360026168594
7561018166621637906
7561016440552262920
7561001110899576082
7560997877011500306
7560988333560614152
7560989679391165704
7560987917833833736
7560978449796533511
7560977592455597319
7560970432153865479
7560967569348283655
7560966907004816658
7560946670356286728
7560941639259147528
7560940154223856903
7560931146196962567
7560926314597797128
7560926081029590279
7560922391480716562
7560916471325478152
7560910762198174983
7560902063639645447
7560899062451457287
7560726072917118226
7560717963519610119
7560597176192158992
7560706998916943122
7560703121958178066
7560697504086658322
7560696447096737042
7560691914421308679
7560650522756173064
7560647735133719815
7560644242662526216
7560616875017719058
